PX LAST	GRIFPBUS Index	GRIFPEX Index	GEIFOABC Index	GEIFOAMP Index	GEIFOAOR Index	GEIFOADE Index	GEIFOAOA Index	GEIFOXBA Index
31-12-16	111	105.6	16.7	16.9	8.4	19.1	3.8	27.3
30-11-16	110.4	105.5	21.7	2.1	10.8	13.1	5.2	22.5
31-10-16	110.5	106	21.9	4.9	4.6	37.7	5.8	23
30-09-16	109.5	104.5	17.2	2.4	-10.2	-3.4	2.3	17
31-08-16	106.3	100.1	0.2	-15.5	-20.7	-1.3	-13.8	16.8
31-07-16	108.3	102.1	-1.4	16.5	18.4	20.7	-1.5	21.1
30-06-16	108.7	103	9.1	3.2	3.6	-5.2	-7.2	27.6
31-05-16	107.9	101.8	18.6	3.2	15.7	9.8	-9	21.5
30-04-16	106.8	100.6	17.2	-4.1	-1.8	10.6	-19.5	21.7
31-03-16	107	100.4	10.3	3.8	-1.7	-8.8	0.5	19.7
29-02-16	106	99.1	7.5	-1.1	3.4	-9.5	-17.8	22.5
31-01-16	107.4	102.3	10.7	1.9	5.8	-6.3	5.3	19
31-12-15	108.4	104.3	15.7	9.7	7.6	17.1	-3.3	15.7
30-11-15	108.9	104.6	22	13.5	-5.4	12.1	-6	11.9
31-10-15	108.1	103.7	18.1	9.8	9.6	2.3	-1.5	17
30-09-15	108.5	103.2	8.7	3.3	17	1	2.5	23.3
31-08-15	108.5	102.4	16	3.6	14.1	-6.4	-4.7	26.3
31-07-15	108.1	102.5	10.6	19.5	4.9	-3.7	-6.3	23
30-06-15	107.6	102	17	0.6	0.5	-2	-3.1	24.2
31-05-15	108.6	103	17.9	-4	13.6	16.9	-0.1	26.7
30-04-15	108.6	103.3	16.8	5.4	6.9	7.5	2.6	26.5
31-03-15	108.1	104	18	6.1	4.8	10.4	12.5	26.9
28-02-15	107	102.7	11.4	7.7	3.8	2	6.5	20.3
31-01-15	106.8	101.8	11	-0.1	3	17.2	-3.7	24.3
31-12-14	105.3	101.1	0.1	7.9	-3	-0.2	0.5	20
30-11-14	104.6	100.3	1.2	-7.4	7	10.7	-5.2	22
31-10-14	103.5	99.2	1	-15	-26.6	-31.4	-19.8	23
30-09-14	105.5	100.4	10.8	9.8	-5.4	0.9	-12.3	30.5
31-08-14	106.5	102.5	15.5	3.8	1.6	8.4	-10.6	29.3
31-07-14	108.1	103.1	14.8	6	-1.2	2.4	-7.2	29.5
30-06-14	109.3	104.3	22.3	4.2	-0.5	0.8	-9	31.7
31-05-14	110	105.4	34.5	11.8	-6.4	-3.5	-10.2	32.7
30-04-14	110.7	106.3	37.5	10	3.2	5.8	-11.2	39.2
31-03-14	110.9	106.5	30.5	1.3	4.8	17.7	-10.6	32.4
28-02-14	111.1	107.8	24.8	6.6	13.2	21.8	-11.3	33
31-01-14	110.9	108.1	23.5	16.3	9.6	11.6	-10.8	23.6
31-12-13	109.3	107.3	21.6	11.6	12	10.8	-6.6	16.6
30-11-13	109.3	107.3	14.6	18	13.1	14	2.6	20
31-10-13	108.2	104.9	10.3	-1.1	19.5	14.7	-3.2	13.3
30-09-13	108.4	105.6	22.1	9.5	19.8	17.2	-3	12.3
31-08-13	107.9	104.1	20.4	9.6	19.7	17.1	-6.7	14.3
31-07-13	106	102	10.7	0.8	5.4	14.8	-19	14.6
30-06-13	105.6	101.9	8.1	5.9	9.3	10.2	-12	13.6
31-05-13	105	100.8	-0.9	-11	2.1	-0.6	-29.2	7.5
30-04-13	103.6	100.1	-7	-3.7	-10.4	-6.9	-22	12
31-03-13	105.4	101.8	-3.9	-8.4	-15	-10.5	-25.7	12.9
28-02-13	105.9	102.6	4.3	-7.7	-8.5	-6	-20	12.5
31-01-13	104.2	99.1	-11.8	-18.5	-31.5	-19.9	-32	13.8
31-12-12	102	97.8	-19.7	-38.1	-31.2	-37.6	-35.8	5.3
30-11-12	101.5	96.2	-29.9	-38	-34	-37.1	-40.7	6
31-10-12	101.1	94.6	-16.4	-42	-59.3	-43.6	-35.6	3.5
30-09-12	101.8	94.6	-16.9	-52.8	-51.4	-52.4	-31.7	8
31-08-12	102.7	94.9	-8.3	-26.4	-49.2	-34.3	-22.7	13.6
31-07-12	102.8	95	-15	-36.3	-40.2	-36.1	-9.8	16.2
30-06-12	104.7	96.5	-2.8	-25	-37.4	-25.2	-0.9	24.7
31-05-12	106.5	99.8	8.1	-4.8	-25.7	-18.2	-0.3	23
30-04-12	108.7	101.4	10.7	-10.5	-22.5	-20.3	10.3	26.5
31-03-12	108.5	101.2	12.7	-14.4	-21.8	-12.7	10.4	28.7
29-02-12	108.2	100.4	12.8	-4.8	-17.1	-12.8	20.3	36
31-01-12	107.6	99.7	21.2	4.7	3.3	5.9	26	35.8
31-12-11	106.9	98.5	18.6	-0.1	-10.5	-5.6	10	31.3
30-11-11	107.5	98.7	6.9	-1	-14.5	-3.3	11	37.5
31-10-11	107.3	98.5	20	17.3	-10.5	-7.1	12	31
30-09-11	108	99.4	9.1	15.3	-10	-1.8	12.6	37
31-08-11	109.4	100.8	26.2	8.6	-1.1	7.3	30.3	36.8
31-07-11	112.9	104.5	36.7	18	22.6	28.4	30.4	43.5
30-06-11	113.5	105.6	35	11.9	9.5	-1.2	24.3	40.2
31-05-11	113.7	106.2	35.9	16.1	8.3	11.9	26.5	46
30-04-11	112.7	106.2	31	7.6	30.8	17.2	23.6	38.7
31-03-11	113.9	107.6	35.4	17	26	17.9	19.4	42.4
28-02-11	114.2	108.8	37.3	20.4	24.1	17.6	26.5	35.3
31-01-11	112.7	108.8	27.3	23.9	37.3	31	10.9	39.8
31-12-10	114.1	110.6	26	31.1	32.1	35.6	11.8	33.3
30-11-10	114.2	111.2	30.8	27.7	23.2	37.5	3.6	27.2
31-10-10	112.9	110.5	24.4	37.6	50.4	51.7	10.4	26
30-09-10	111.9	109.5	28	31.6	43.5	53	1.9	18
31-08-10	111.6	109.9	30.9	26.5	28.1	43.6	-7.8	22.6
31-07-10	110.5	109.7	27.8	38.6	44	39.1	-16.4	16
30-06-10	106.2	106.1	11.9	30.7	34.1	44.5	-23.5	7
31-05-10	105.4	106.8	1.7	31.1	27.1	46.2	-35.5	-1.3
30-04-10	104.5	107	-4.6	14.1	30.4	45.4	-44	-8.8
31-03-10	100.9	104.2	-6.8	30.8	34.8	41.1	-50.6	-21.1
28-02-10	98.8	103.6	-13.8	29.2	21.6	33.4	-54.2	-29.5
31-01-10	98.7	102.7	-22.9	-9.8	10.3	33.1	-43.1	-33
31-12-09	97.4	102.5	-24.6	22.4	7.1	30.4	-55.6	-36.3
30-11-09	97.3	104.4	-24	14.2	11.1	24.7	-56.8	-42.1
31-10-09	95.6	101.7	-30.4	10.5	5.7	-0.5	-55.1	-45
30-09-09	95.3	101.5	-34.9	10.4	34.4	36	-51.8	-59.7
31-08-09	94.2	100.8	-33.5	1.7	10.7	15.2	-58.9	-63.7
31-07-09	90.9	95.6	-41.6	-17.2	-1.5	2	-70	-65.8
30-06-09	88.7	92.7	-49	-13.6	-13.1	-1.3	-72.2	-65
31-05-09	86.5	88.5	-54.5	-30.7	-31.2	-25.1	-74.6	-67.3
30-04-09	85.3	86.1	-55.2	-24.6	-28.3	-18.6	-70.6	-62.5
31-03-09	83.7	82.6	-63.9	-40.5	-45.4	-34.4	-78.7	-59.1
28-02-09	84.6	82	-63.6	-69.8	-73	-59	-86	-53.7
31-01-09	85	80.2	-67.5	-82.1	-76.6	-53.2	-89.2	-38.7
31-12-08	84.6	78.4	-73	-69.7	-73.6	-78.9	-61	-40
30-11-08	88.2	80.7	-56.1	-53.9	-70.8	-76	-52.3	-22
31-10-08	93.7	85	-30.3	-42.4	-68.4	-77.5	-36.5	0
30-09-08	97.1	90	-25.4	-29.3	-54.9	-51.6	-17.5	21.5
31-08-08	99.1	90.9	-20.3	-8.2	-33.1	-41.1	-14.9	24.3
31-07-08	100.5	91.7	-8.8	-7.1	-43.6	-36.8	-6.7	29.3
30-06-08	105.2	97.5	5.9	-2.7	-21.9	-27.5	0.1	35.6
31-05-08	106.6	99.3	18	16	-8.2	-1	11.4	35.2
30-04-08	106.5	99	18.6	7.8	-28.6	-31.3	7.9	32.2
31-03-08	108.5	100.7	26.1	9.5	10.8	1.1	18.2	37.7
29-02-08	108	100.9	27	-1.1	23.1	18.7	5.2	38.5
31-01-08	109	101.6	24	18.3	12.1	8.6	10.7	43.8
31-12-07	107.9	101.9	23.9	5.8	2.9	-6.5	11.5	40.3
30-11-07	109.4	103.5	28.7	16.4	12	8.3	10.2	42
31-10-07	109.8	103.5	24.9	1.4	2.2	12.2	11.1	43.5
30-09-07	109.9	104.3	16	3.9	15.1	0.7	3.8	40
31-08-07	110.7	104.8	19.6	8.5	10.3	-6.1	4.1	43.6
31-07-07	111.4	105.3	25.3	13.4	8	7.1	8.7	44.2
30-06-07	111.2	105.9	17.4	10.2	27.2	12.5	10.5	45.7
31-05-07	112.9	107.4	16.1	1.8	20.2	5	7.5	50
30-04-07	112.5	106.9	21.7	3.3	10.4	-0.5	8.3	45.5
31-03-07	112.3	106.3	21.6	8	3.5	13.6	12.1	44.9
28-02-07	111.4	105.4	18.8	18.3	14.3	21	10.3	41.5
31-01-07	113	106.1	19.3	-12.1	10.9	7.6	11.5	35.3
31-12-06	113.3	106.3	26.5	27.6	22.3	25.6	12	33.3
30-11-06	112.1	105.1	14.3	9.9	4.5	4.9	16.8	25.3
31-10-06	110.7	104.1	20.6	11.9	14.7	22	12.5	28.3
30-09-06	109.5	103	14.1	5.5	0.8	-0.3	3.1	22
31-08-06	109.6	104.9	24.8	9	13.7	10.2	-2.8	19.8
31-07-06	109.5	104.9	5.2	1.9	-0.7	9.4	-3	19.2
30-06-06	110.1	105.9	21.6	14.1	11.2	16	-3.2	17.4
31-05-06	109.8	106.2	17	-3	4.2	-2.2	-3.3	20.3
30-04-06	108.8	107.3	14.8	3.8	21.9	18.3	9.6	14.2
31-03-06	108.5	107.2	23.4	11.1	4.4	4.7	-5.9	7.9
28-02-06	107	106.6	19.1	18.3	6.1	2.5	-5.5	0
31-01-06	105.8	106.1	18.3	-8.5	-9.6	-9.8	-5.9	-3.2
31-12-05	104.1	103.6	11.1	23.6	4.3	10.4	-11.5	2.3
