date	open	high	low	close	volume
8-15-2008	41.21	42.04	40.78	41.51	6,326,917
8-14-2008	41.40	41.72	40.50	41.40	6,962,211
8-13-2008	42.80	42.98	41.13	41.34	9,846,665
8-12-2008	43.00	44.44	42.44	43.37	11,425,102
8-11-2008	42.75	43.35	42.50	42.78	12,463,502
8-8-2008		40.14	41.99	39.92	41.77	12,055,422
8-7-2008		40.00	40.85	39.62	40.21	7,466,089
8-6-2008		39.18	40.07	38.51	40.01	10,326,741
8-5-2008		37.50	39.04	37.27	38.78	12,772,690
8-4-2008		37.11	38.20	36.50	36.97	12,079,871
8-1-2008		36.50	37.12	36.05	36.64	9,867,720
7-31-2008	37.85	38.00	37.04	37.33	10,111,288
7-30-2008	38.50	38.89	37.61	38.07	9,479,979
7-29-2008	37.75	38.88	37.32	38.36	9,484,359
